,Eye Detection,Time
0,CENTER,2025-02-23 14:26:10.993733
1,Blinking,2025-02-23 14:26:10.993733
2,RIGHT,2025-02-23 14:26:10.993733
3,CENTER,2025-02-23 14:26:10.993733
4,CENTER,2025-02-23 14:26:10.993733
5,CENTER,2025-02-23 14:26:10.993733
6,CENTER,2025-02-23 14:26:10.993733
7,CENTER,2025-02-23 14:26:10.993733
8,CENTER,2025-02-23 14:26:10.993733
9,CENTER,2025-02-23 14:26:10.993733
10,CENTER,2025-02-23 14:26:10.993733
11,CENTER,2025-02-23 14:26:10.993733
12,CENTER,2025-02-23 14:26:10.993733
13,CENTER,2025-02-23 14:26:10.993733
14,CENTER,2025-02-23 14:26:10.993733
15,CENTER,2025-02-23 14:26:10.993733
16,CENTER,2025-02-23 14:26:10.993733
17,CENTER,2025-02-23 14:26:10.993733
18,CENTER,2025-02-23 14:26:10.993733
19,CENTER,2025-02-23 14:26:10.993733
20,CENTER,2025-02-23 14:26:10.993733
21,CENTER,2025-02-23 14:26:10.993733
22,CENTER,2025-02-23 14:26:10.993733
23,CENTER,2025-02-23 14:26:10.993733
24,CENTER,2025-02-23 14:26:10.993733
25,CENTER,2025-02-23 14:26:10.993733
26,CENTER,2025-02-23 14:26:10.993733
27,CENTER,2025-02-23 14:26:10.993733
28,CENTER,2025-02-23 14:26:10.993733
29,CENTER,2025-02-23 14:26:10.993733
30,CENTER,2025-02-23 14:26:10.993733
31,CENTER,2025-02-23 14:26:10.993733
32,CENTER,2025-02-23 14:26:10.993733
33,CENTER,2025-02-23 14:26:10.993733
34,CENTER,2025-02-23 14:26:10.993733
35,CENTER,2025-02-23 14:26:10.993733
36,CENTER,2025-02-23 14:26:10.993733
37,CENTER,2025-02-23 14:26:10.993733
38,CENTER,2025-02-23 14:26:10.993733
39,CENTER,2025-02-23 14:26:10.993733
40,Blinking,2025-02-23 14:26:10.993733
41,CENTER,2025-02-23 14:26:10.993733
42,Blinking,2025-02-23 14:26:10.993733
43,Blinking,2025-02-23 14:26:10.993733
44,Blinking,2025-02-23 14:26:10.993733
45,Blinking,2025-02-23 14:26:10.993733
46,CENTER,2025-02-23 14:26:10.993733
47,CENTER,2025-02-23 14:26:10.993733
48,CENTER,2025-02-23 14:26:10.993733
49,Blinking,2025-02-23 14:26:10.993733
50,Blinking,2025-02-23 14:26:10.993733
51,Blinking,2025-02-23 14:26:10.993733
52,Blinking,2025-02-23 14:26:10.993733
53,Blinking,2025-02-23 14:26:10.993733
54,Blinking,2025-02-23 14:26:10.993733
55,Blinking,2025-02-23 14:26:10.993733
56,CENTER,2025-02-23 14:26:10.993733
57,Blinking,2025-02-23 14:26:10.993733
58,CENTER,2025-02-23 14:26:10.993733
59,CENTER,2025-02-23 14:26:10.993733
60,CENTER,2025-02-23 14:26:10.993733
61,CENTER,2025-02-23 14:26:10.993733
62,CENTER,2025-02-23 14:26:10.993733
63,CENTER,2025-02-23 14:26:10.993733
64,CENTER,2025-02-23 14:26:10.993733
65,CENTER,2025-02-23 14:26:10.993733
66,CENTER,2025-02-23 14:26:10.993733
67,CENTER,2025-02-23 14:26:10.993733
68,CENTER,2025-02-23 14:26:10.993733
69,CENTER,2025-02-23 14:26:10.993733
70,CENTER,2025-02-23 14:26:10.993733
71,CENTER,2025-02-23 14:26:10.993733
72,CENTER,2025-02-23 14:26:10.993733
73,CENTER,2025-02-23 14:26:10.993733
74,CENTER,2025-02-23 14:26:10.993733
75,CENTER,2025-02-23 14:26:10.993733
76,CENTER,2025-02-23 14:26:10.993733
77,CENTER,2025-02-23 14:26:10.993733
78,CENTER,2025-02-23 14:26:10.993733
79,CENTER,2025-02-23 14:26:10.993733
80,CENTER,2025-02-23 14:26:10.993733
81,CENTER,2025-02-23 14:26:10.993733
82,CENTER,2025-02-23 14:26:10.993733
83,CENTER,2025-02-23 14:26:10.993733
84,CENTER,2025-02-23 14:26:10.993733
85,CENTER,2025-02-23 14:26:10.993733
86,CENTER,2025-02-23 14:26:10.993733
87,CENTER,2025-02-23 14:26:10.993733
88,CENTER,2025-02-23 14:26:10.993733
89,CENTER,2025-02-23 14:26:10.993733
90,CENTER,2025-02-23 14:26:10.993733
91,CENTER,2025-02-23 14:26:10.993733
92,LEFT,2025-02-23 14:26:10.993733
93,CENTER,2025-02-23 14:26:10.993733
94,CENTER,2025-02-23 14:26:10.993733
95,CENTER,2025-02-23 14:26:10.993733
96,CENTER,2025-02-23 14:26:10.993733
97,CENTER,2025-02-23 14:26:10.993733
98,CENTER,2025-02-23 14:26:10.993733
99,CENTER,2025-02-23 14:26:10.993733
100,CENTER,2025-02-23 14:26:10.993733
101,CENTER,2025-02-23 14:26:10.993733
102,CENTER,2025-02-23 14:26:10.993733
103,CENTER,2025-02-23 14:26:10.993733
104,CENTER,2025-02-23 14:26:10.993733
105,CENTER,2025-02-23 14:26:10.993733
106,CENTER,2025-02-23 14:26:10.993733
107,CENTER,2025-02-23 14:26:10.993733
108,Blinking,2025-02-23 14:26:10.993733
109,CENTER,2025-02-23 14:26:10.993733
110,Blinking,2025-02-23 14:26:10.993733
111,Blinking,2025-02-23 14:26:10.993733
112,CENTER,2025-02-23 14:26:10.993733
113,Blinking,2025-02-23 14:26:10.993733
114,Blinking,2025-02-23 14:26:10.993733
115,LEFT,2025-02-23 14:26:10.993733
116,LEFT,2025-02-23 14:26:10.993733
117,CENTER,2025-02-23 14:26:10.993733
118,CENTER,2025-02-23 14:26:10.993733
119,CENTER,2025-02-23 14:26:10.993733
120,CENTER,2025-02-23 14:26:10.993733
121,CENTER,2025-02-23 14:26:10.993733
122,CENTER,2025-02-23 14:26:10.993733
123,CENTER,2025-02-23 14:26:10.993733
124,CENTER,2025-02-23 14:26:10.993733
125,CENTER,2025-02-23 14:26:10.993733
126,CENTER,2025-02-23 14:26:10.993733
127,CENTER,2025-02-23 14:26:10.993733
128,CENTER,2025-02-23 14:26:10.993733
129,CENTER,2025-02-23 14:26:10.993733
130,LEFT,2025-02-23 14:26:10.993733
131,LEFT,2025-02-23 14:26:10.993733
132,LEFT,2025-02-23 14:26:10.993733
133,CENTER,2025-02-23 14:26:10.993733
134,LEFT,2025-02-23 14:26:10.993733
135,LEFT,2025-02-23 14:26:10.993733
136,CENTER,2025-02-23 14:26:10.993733
137,LEFT,2025-02-23 14:26:10.993733
138,LEFT,2025-02-23 14:26:10.993733
139,LEFT,2025-02-23 14:26:10.993733
140,LEFT,2025-02-23 14:26:10.993733
141,LEFT,2025-02-23 14:26:10.993733
142,LEFT,2025-02-23 14:26:10.993733
143,LEFT,2025-02-23 14:26:10.993733
144,LEFT,2025-02-23 14:26:10.993733
145,LEFT,2025-02-23 14:26:10.993733
146,LEFT,2025-02-23 14:26:10.993733
147,CENTER,2025-02-23 14:26:10.993733
148,LEFT,2025-02-23 14:26:10.993733
149,LEFT,2025-02-23 14:26:10.993733
150,CENTER,2025-02-23 14:26:10.993733
151,LEFT,2025-02-23 14:26:10.993733
152,LEFT,2025-02-23 14:26:10.993733
153,LEFT,2025-02-23 14:26:10.993733
154,CENTER,2025-02-23 14:26:10.993733
155,LEFT,2025-02-23 14:26:10.993733
156,CENTER,2025-02-23 14:26:10.993733
157,LEFT,2025-02-23 14:26:10.993733
158,CENTER,2025-02-23 14:26:10.993733
159,LEFT,2025-02-23 14:26:10.993733
160,LEFT,2025-02-23 14:26:10.993733
161,LEFT,2025-02-23 14:26:10.993733
162,LEFT,2025-02-23 14:26:10.993733
163,LEFT,2025-02-23 14:26:10.993733
164,CENTER,2025-02-23 14:26:10.993733
165,CENTER,2025-02-23 14:26:10.993733
166,LEFT,2025-02-23 14:26:10.993733
167,LEFT,2025-02-23 14:26:10.993733
168,LEFT,2025-02-23 14:26:10.993733
169,CENTER,2025-02-23 14:26:10.993733
170,LEFT,2025-02-23 14:26:10.993733
171,LEFT,2025-02-23 14:26:10.993733
172,LEFT,2025-02-23 14:26:10.993733
173,RIGHT,2025-02-23 14:26:10.993733
174,RIGHT,2025-02-23 14:26:10.993733
175,RIGHT,2025-02-23 14:26:10.993733
176,CENTER,2025-02-23 14:26:10.993733
177,CENTER,2025-02-23 14:26:10.993733
178,CENTER,2025-02-23 14:26:10.993733
179,CENTER,2025-02-23 14:26:10.993733
180,CENTER,2025-02-23 14:26:10.993733
181,RIGHT,2025-02-23 14:26:10.993733
182,RIGHT,2025-02-23 14:26:10.993733
183,CENTER,2025-02-23 14:26:10.993733
184,RIGHT,2025-02-23 14:26:10.993733
185,RIGHT,2025-02-23 14:26:10.993733
186,CENTER,2025-02-23 14:26:10.993733
187,RIGHT,2025-02-23 14:26:10.993733
188,RIGHT,2025-02-23 14:26:10.993733
189,CENTER,2025-02-23 14:26:10.993733
190,CENTER,2025-02-23 14:26:10.993733
191,CENTER,2025-02-23 14:26:10.993733
192,CENTER,2025-02-23 14:26:10.993733
193,CENTER,2025-02-23 14:26:10.993733
194,CENTER,2025-02-23 14:26:10.993733
195,CENTER,2025-02-23 14:26:10.993733
196,CENTER,2025-02-23 14:26:10.993733
197,Blinking,2025-02-23 14:26:10.993733
198,Blinking,2025-02-23 14:26:10.993733
199,CENTER,2025-02-23 14:26:10.993733
200,CENTER,2025-02-23 14:26:10.993733
201,CENTER,2025-02-23 14:26:10.993733
202,CENTER,2025-02-23 14:26:10.993733
203,CENTER,2025-02-23 14:26:10.993733
204,CENTER,2025-02-23 14:26:10.993733
205,CENTER,2025-02-23 14:26:10.993733
206,CENTER,2025-02-23 14:26:10.993733
207,CENTER,2025-02-23 14:26:10.993733
208,CENTER,2025-02-23 14:26:10.993733
209,CENTER,2025-02-23 14:26:10.993733
210,CENTER,2025-02-23 14:26:10.993733
211,CENTER,2025-02-23 14:26:10.993733
212,CENTER,2025-02-23 14:26:10.993733
213,CENTER,2025-02-23 14:26:10.993733
214,CENTER,2025-02-23 14:26:10.993733
215,CENTER,2025-02-23 14:26:10.993733
216,CENTER,2025-02-23 14:26:10.993733
217,CENTER,2025-02-23 14:26:10.993733
218,CENTER,2025-02-23 14:26:10.993733
219,CENTER,2025-02-23 14:26:10.993733
220,CENTER,2025-02-23 14:26:10.993733
221,CENTER,2025-02-23 14:26:10.993733
222,CENTER,2025-02-23 14:26:10.993733
223,Blinking,2025-02-23 14:26:10.993733
224,Blinking,2025-02-23 14:26:10.993733
225,Blinking,2025-02-23 14:26:10.993733
226,CENTER,2025-02-23 14:26:10.993733
227,CENTER,2025-02-23 14:26:10.993733
228,CENTER,2025-02-23 14:26:10.993733
229,CENTER,2025-02-23 14:26:10.993733
230,Blinking,2025-02-23 14:26:10.993733
231,Blinking,2025-02-23 14:26:10.993733
232,CENTER,2025-02-23 14:26:10.993733
233,CENTER,2025-02-23 14:26:10.993733
234,CENTER,2025-02-23 14:26:10.993733
235,CENTER,2025-02-23 14:26:10.993733
236,CENTER,2025-02-23 14:26:10.993733
237,CENTER,2025-02-23 14:26:10.993733
238,CENTER,2025-02-23 14:26:10.993733
239,CENTER,2025-02-23 14:26:10.993733
240,CENTER,2025-02-23 14:26:10.993733
241,CENTER,2025-02-23 14:26:10.993733
242,CENTER,2025-02-23 14:26:10.993733
243,CENTER,2025-02-23 14:26:10.993733
244,CENTER,2025-02-23 14:26:10.993733
245,CENTER,2025-02-23 14:26:10.993733
246,CENTER,2025-02-23 14:26:10.993733
247,CENTER,2025-02-23 14:26:10.993733
248,CENTER,2025-02-23 14:26:10.993733
249,CENTER,2025-02-23 14:26:10.993733
250,CENTER,2025-02-23 14:26:10.993733
251,CENTER,2025-02-23 14:26:10.993733
252,Blinking,2025-02-23 14:26:10.993733
253,Blinking,2025-02-23 14:26:10.993733
254,Blinking,2025-02-23 14:26:10.993733
255,CENTER,2025-02-23 14:26:10.993733
256,CENTER,2025-02-23 14:26:10.993733
257,Blinking,2025-02-23 14:26:10.993733
258,Blinking,2025-02-23 14:26:10.993733
259,Blinking,2025-02-23 14:26:10.993733
260,Blinking,2025-02-23 14:26:10.993733
261,Blinking,2025-02-23 14:26:10.993733
262,Blinking,2025-02-23 14:26:10.993733
263,Blinking,2025-02-23 14:26:10.993733
264,Blinking,2025-02-23 14:26:10.993733
265,Blinking,2025-02-23 14:26:10.993733
266,Blinking,2025-02-23 14:26:10.993733
267,Blinking,2025-02-23 14:26:10.993733
268,Blinking,2025-02-23 14:26:10.993733
269,Blinking,2025-02-23 14:26:10.993733
270,Blinking,2025-02-23 14:26:10.993733
271,Blinking,2025-02-23 14:26:10.993733
272,Blinking,2025-02-23 14:26:10.993733
273,Blinking,2025-02-23 14:26:10.993733
274,Blinking,2025-02-23 14:26:10.993733
275,Blinking,2025-02-23 14:26:10.993733
276,Blinking,2025-02-23 14:26:10.993733
277,Blinking,2025-02-23 14:26:10.993733
278,Blinking,2025-02-23 14:26:10.993733
279,Blinking,2025-02-23 14:26:10.993733
280,Blinking,2025-02-23 14:26:10.993733
281,Blinking,2025-02-23 14:26:10.993733
282,CENTER,2025-02-23 14:26:10.993733
283,RIGHT,2025-02-23 14:26:10.993733
284,CENTER,2025-02-23 14:26:10.993733
285,RIGHT,2025-02-23 14:26:10.993733
286,CENTER,2025-02-23 14:26:10.993733
287,CENTER,2025-02-23 14:26:10.993733
288,CENTER,2025-02-23 14:26:10.993733
289,CENTER,2025-02-23 14:26:10.993733
290,CENTER,2025-02-23 14:26:10.993733
291,CENTER,2025-02-23 14:26:10.993733
292,CENTER,2025-02-23 14:26:10.993733
293,RIGHT,2025-02-23 14:26:10.993733
294,RIGHT,2025-02-23 14:26:10.993733
295,RIGHT,2025-02-23 14:26:10.993733
296,CENTER,2025-02-23 14:26:10.993733
297,CENTER,2025-02-23 14:26:10.993733
298,CENTER,2025-02-23 14:26:10.993733
299,CENTER,2025-02-23 14:26:10.993733
300,CENTER,2025-02-23 14:26:10.993733
301,RIGHT,2025-02-23 14:26:10.993733
302,CENTER,2025-02-23 14:26:10.993733
303,CENTER,2025-02-23 14:26:10.993733
304,RIGHT,2025-02-23 14:26:10.993733
305,CENTER,2025-02-23 14:26:10.993733
306,CENTER,2025-02-23 14:26:10.993733
307,CENTER,2025-02-23 14:26:10.993733
308,CENTER,2025-02-23 14:26:10.993733
309,CENTER,2025-02-23 14:26:10.993733
310,CENTER,2025-02-23 14:26:10.993733
311,CENTER,2025-02-23 14:26:10.993733
312,CENTER,2025-02-23 14:26:10.993733
313,CENTER,2025-02-23 14:26:10.993733
314,RIGHT,2025-02-23 14:26:10.993733
315,CENTER,2025-02-23 14:26:10.993733
316,CENTER,2025-02-23 14:26:10.993733
317,CENTER,2025-02-23 14:26:10.993733
318,RIGHT,2025-02-23 14:26:10.993733
319,RIGHT,2025-02-23 14:26:10.993733
320,RIGHT,2025-02-23 14:26:10.993733
321,CENTER,2025-02-23 14:26:10.993733
322,RIGHT,2025-02-23 14:26:10.993733
323,RIGHT,2025-02-23 14:26:10.993733
324,CENTER,2025-02-23 14:26:10.993733
325,CENTER,2025-02-23 14:26:10.993733
326,Blinking,2025-02-23 14:26:10.993733
327,Blinking,2025-02-23 14:26:10.993733
328,CENTER,2025-02-23 14:26:10.993733
329,CENTER,2025-02-23 14:26:10.993733
330,CENTER,2025-02-23 14:26:10.993733
331,CENTER,2025-02-23 14:26:10.993733
332,CENTER,2025-02-23 14:26:10.993733
333,CENTER,2025-02-23 14:26:10.993733
334,CENTER,2025-02-23 14:26:10.993733
335,RIGHT,2025-02-23 14:26:10.993733
336,CENTER,2025-02-23 14:26:10.993733
337,CENTER,2025-02-23 14:26:10.993733
338,CENTER,2025-02-23 14:26:10.993733
339,CENTER,2025-02-23 14:26:10.993733
340,CENTER,2025-02-23 14:26:10.993733
341,CENTER,2025-02-23 14:26:10.993733
342,CENTER,2025-02-23 14:26:10.993733
343,CENTER,2025-02-23 14:26:10.993733
344,CENTER,2025-02-23 14:26:10.993733
345,CENTER,2025-02-23 14:26:10.993733
346,CENTER,2025-02-23 14:26:10.993733
347,CENTER,2025-02-23 14:26:10.993733
348,CENTER,2025-02-23 14:26:10.993733
349,CENTER,2025-02-23 14:26:10.993733
350,CENTER,2025-02-23 14:26:10.993733
351,CENTER,2025-02-23 14:26:10.993733
352,CENTER,2025-02-23 14:26:10.993733
353,CENTER,2025-02-23 14:26:10.993733
354,CENTER,2025-02-23 14:26:10.993733
355,CENTER,2025-02-23 14:26:10.993733
356,CENTER,2025-02-23 14:26:10.993733
357,CENTER,2025-02-23 14:26:10.993733
358,CENTER,2025-02-23 14:26:10.993733
359,CENTER,2025-02-23 14:26:10.993733
360,CENTER,2025-02-23 14:26:10.993733
361,CENTER,2025-02-23 14:26:10.993733
362,CENTER,2025-02-23 14:26:10.993733
363,CENTER,2025-02-23 14:26:10.993733
364,CENTER,2025-02-23 14:26:10.993733
365,CENTER,2025-02-23 14:26:10.993733
366,CENTER,2025-02-23 14:26:10.993733
367,CENTER,2025-02-23 14:26:10.993733
368,CENTER,2025-02-23 14:26:10.993733
369,CENTER,2025-02-23 14:26:10.993733
370,CENTER,2025-02-23 14:26:10.993733
371,CENTER,2025-02-23 14:26:10.993733
372,CENTER,2025-02-23 14:26:10.993733
373,RIGHT,2025-02-23 14:26:10.993733
374,CENTER,2025-02-23 14:26:10.993733
375,CENTER,2025-02-23 14:26:10.993733
376,CENTER,2025-02-23 14:26:10.993733
377,RIGHT,2025-02-23 14:26:10.993733
378,CENTER,2025-02-23 14:26:10.993733
379,CENTER,2025-02-23 14:26:10.993733
380,RIGHT,2025-02-23 14:26:10.993733
381,CENTER,2025-02-23 14:26:10.993733
382,CENTER,2025-02-23 14:26:10.993733
383,Blinking,2025-02-23 14:26:10.993733
384,Blinking,2025-02-23 14:26:10.993733
385,Blinking,2025-02-23 14:26:10.993733
386,Blinking,2025-02-23 14:26:10.993733
387,Blinking,2025-02-23 14:26:10.993733
388,Blinking,2025-02-23 14:26:10.993733
389,Blinking,2025-02-23 14:26:10.993733
390,Blinking,2025-02-23 14:26:10.993733
391,Blinking,2025-02-23 14:26:10.993733
392,Blinking,2025-02-23 14:26:10.993733
393,Blinking,2025-02-23 14:26:10.993733
394,Blinking,2025-02-23 14:26:10.993733
395,Blinking,2025-02-23 14:26:10.993733
396,Blinking,2025-02-23 14:26:10.993733
397,Blinking,2025-02-23 14:26:10.993733
398,Blinking,2025-02-23 14:26:10.993733
399,Blinking,2025-02-23 14:26:10.993733
400,Blinking,2025-02-23 14:26:10.993733
401,Blinking,2025-02-23 14:26:10.993733
402,Blinking,2025-02-23 14:26:10.993733
403,Blinking,2025-02-23 14:26:10.993733
404,Blinking,2025-02-23 14:26:10.993733
405,Blinking,2025-02-23 14:26:10.993733
406,Blinking,2025-02-23 14:26:10.993733
407,Blinking,2025-02-23 14:26:10.993733
408,Blinking,2025-02-23 14:26:10.993733
409,Blinking,2025-02-23 14:26:10.993733
410,Blinking,2025-02-23 14:26:10.993733
411,Blinking,2025-02-23 14:26:10.993733
412,Blinking,2025-02-23 14:26:10.993733
413,Blinking,2025-02-23 14:26:10.993733
414,Blinking,2025-02-23 14:26:10.993733
415,Blinking,2025-02-23 14:26:10.993733
416,Blinking,2025-02-23 14:26:10.993733
417,Blinking,2025-02-23 14:26:10.993733
418,Blinking,2025-02-23 14:26:10.993733
419,Blinking,2025-02-23 14:26:10.993733
420,Blinking,2025-02-23 14:26:10.993733
421,Blinking,2025-02-23 14:26:10.993733
422,Blinking,2025-02-23 14:26:10.993733
423,Blinking,2025-02-23 14:26:10.993733
424,Blinking,2025-02-23 14:26:10.993733
425,Blinking,2025-02-23 14:26:10.993733
426,Blinking,2025-02-23 14:26:10.993733
427,Blinking,2025-02-23 14:26:10.993733
428,Blinking,2025-02-23 14:26:10.993733
429,Blinking,2025-02-23 14:26:10.993733
430,Blinking,2025-02-23 14:26:10.993733
431,Blinking,2025-02-23 14:26:10.993733
432,Blinking,2025-02-23 14:26:10.993733
433,Blinking,2025-02-23 14:26:10.993733
434,CENTER,2025-02-23 14:26:10.993733
435,Blinking,2025-02-23 14:26:10.993733
436,Blinking,2025-02-23 14:26:10.993733
437,Blinking,2025-02-23 14:26:10.993733
438,Blinking,2025-02-23 14:26:10.993733
439,Blinking,2025-02-23 14:26:10.993733
440,Blinking,2025-02-23 14:26:10.993733
441,Blinking,2025-02-23 14:26:10.993733
442,Blinking,2025-02-23 14:26:10.993733
443,Blinking,2025-02-23 14:26:10.993733
444,Blinking,2025-02-23 14:26:10.993733
445,Blinking,2025-02-23 14:26:10.993733
446,Blinking,2025-02-23 14:26:10.993733
447,Blinking,2025-02-23 14:26:10.993733
448,Blinking,2025-02-23 14:26:10.993733
449,Blinking,2025-02-23 14:26:10.993733
450,Blinking,2025-02-23 14:26:10.993733
451,Blinking,2025-02-23 14:26:10.993733
452,Blinking,2025-02-23 14:26:10.993733
453,Blinking,2025-02-23 14:26:10.993733
454,CENTER,2025-02-23 14:26:10.993733
455,CENTER,2025-02-23 14:26:10.993733
456,CENTER,2025-02-23 14:26:10.993733
457,CENTER,2025-02-23 14:26:10.993733
458,Blinking,2025-02-23 14:26:10.993733
459,Blinking,2025-02-23 14:26:10.993733
460,CENTER,2025-02-23 14:26:10.993733
461,CENTER,2025-02-23 14:26:10.993733
462,CENTER,2025-02-23 14:26:10.993733
463,CENTER,2025-02-23 14:26:10.993733
464,CENTER,2025-02-23 14:26:10.993733
465,CENTER,2025-02-23 14:26:10.993733
466,CENTER,2025-02-23 14:26:10.993733
467,CENTER,2025-02-23 14:26:10.993733
468,CENTER,2025-02-23 14:26:10.993733
469,CENTER,2025-02-23 14:26:10.993733
470,CENTER,2025-02-23 14:26:10.993733
471,CENTER,2025-02-23 14:26:10.993733
472,CENTER,2025-02-23 14:26:10.993733
473,Blinking,2025-02-23 14:26:10.993733
474,CENTER,2025-02-23 14:26:10.993733
475,CENTER,2025-02-23 14:26:10.993733
476,CENTER,2025-02-23 14:26:10.993733
477,Blinking,2025-02-23 14:26:10.993733
478,Blinking,2025-02-23 14:26:10.993733
479,CENTER,2025-02-23 14:26:10.993733
480,Blinking,2025-02-23 14:26:10.993733
481,CENTER,2025-02-23 14:26:10.993733
482,Blinking,2025-02-23 14:26:10.993733
483,Blinking,2025-02-23 14:26:10.993733
484,Blinking,2025-02-23 14:26:10.993733
485,Blinking,2025-02-23 14:26:10.993733
486,Blinking,2025-02-23 14:26:10.993733
487,Blinking,2025-02-23 14:26:10.993733
488,Blinking,2025-02-23 14:26:10.993733
489,Blinking,2025-02-23 14:26:10.993733
490,Blinking,2025-02-23 14:26:10.993733
491,Blinking,2025-02-23 14:26:10.993733
492,Blinking,2025-02-23 14:26:10.993733
493,Blinking,2025-02-23 14:26:10.993733
494,Blinking,2025-02-23 14:26:10.993733
495,Blinking,2025-02-23 14:26:10.993733
496,Blinking,2025-02-23 14:26:10.993733
497,Blinking,2025-02-23 14:26:10.993733
498,Blinking,2025-02-23 14:26:10.993733
499,Blinking,2025-02-23 14:26:10.993733
500,Blinking,2025-02-23 14:26:10.993733
501,Blinking,2025-02-23 14:26:10.993733
502,Blinking,2025-02-23 14:26:10.993733
503,Blinking,2025-02-23 14:26:10.993733
504,Blinking,2025-02-23 14:26:10.993733
505,Blinking,2025-02-23 14:26:10.993733
506,Blinking,2025-02-23 14:26:10.993733
507,Blinking,2025-02-23 14:26:10.993733
508,Blinking,2025-02-23 14:26:10.993733
509,Blinking,2025-02-23 14:26:10.993733
510,Blinking,2025-02-23 14:26:10.993733
511,Blinking,2025-02-23 14:26:10.993733
512,Blinking,2025-02-23 14:26:10.993733
513,CENTER,2025-02-23 14:26:10.993733
514,Blinking,2025-02-23 14:26:10.993733
515,Blinking,2025-02-23 14:26:10.993733
516,Blinking,2025-02-23 14:26:10.993733
517,Blinking,2025-02-23 14:26:10.993733
518,Blinking,2025-02-23 14:26:10.993733
519,Blinking,2025-02-23 14:26:10.993733
520,Blinking,2025-02-23 14:26:10.993733
521,Blinking,2025-02-23 14:26:10.993733
522,Blinking,2025-02-23 14:26:10.993733
523,Blinking,2025-02-23 14:26:10.993733
524,Blinking,2025-02-23 14:26:10.993733
525,Blinking,2025-02-23 14:26:10.993733
526,Blinking,2025-02-23 14:26:10.993733
527,Blinking,2025-02-23 14:26:10.993733
528,Blinking,2025-02-23 14:26:10.993733
529,Blinking,2025-02-23 14:26:10.993733
530,Blinking,2025-02-23 14:26:10.993733
531,Blinking,2025-02-23 14:26:10.993733
532,Blinking,2025-02-23 14:26:10.993733
533,Blinking,2025-02-23 14:26:10.993733
534,Blinking,2025-02-23 14:26:10.993733
535,Blinking,2025-02-23 14:26:10.993733
536,Blinking,2025-02-23 14:26:10.993733
537,Blinking,2025-02-23 14:26:10.993733
538,Blinking,2025-02-23 14:26:10.993733
539,Blinking,2025-02-23 14:26:10.993733
540,Blinking,2025-02-23 14:26:10.993733
541,Blinking,2025-02-23 14:26:10.993733
542,Blinking,2025-02-23 14:26:10.993733
543,Blinking,2025-02-23 14:26:10.993733
544,Blinking,2025-02-23 14:26:10.993733
545,Blinking,2025-02-23 14:26:10.993733
546,Blinking,2025-02-23 14:26:10.993733
547,Blinking,2025-02-23 14:26:10.993733
548,Blinking,2025-02-23 14:26:10.993733
549,Blinking,2025-02-23 14:26:10.993733
550,Blinking,2025-02-23 14:26:10.993733
551,Blinking,2025-02-23 14:26:10.993733
552,Blinking,2025-02-23 14:26:10.993733
553,Blinking,2025-02-23 14:26:10.993733
554,Blinking,2025-02-23 14:26:10.993733
555,Blinking,2025-02-23 14:26:10.993733
556,Blinking,2025-02-23 14:26:10.993733
557,Blinking,2025-02-23 14:26:10.993733
558,Blinking,2025-02-23 14:26:10.993733
559,Blinking,2025-02-23 14:26:10.993733
560,Blinking,2025-02-23 14:26:10.993733
561,Blinking,2025-02-23 14:26:10.993733
562,Blinking,2025-02-23 14:26:10.993733
563,Blinking,2025-02-23 14:26:10.993733
564,Blinking,2025-02-23 14:26:10.993733
565,Blinking,2025-02-23 14:26:10.993733
566,Blinking,2025-02-23 14:26:10.993733
567,Blinking,2025-02-23 14:26:10.993733
568,Blinking,2025-02-23 14:26:10.993733
569,Blinking,2025-02-23 14:26:10.993733
570,Blinking,2025-02-23 14:26:10.993733
571,Blinking,2025-02-23 14:26:10.993733
572,Blinking,2025-02-23 14:26:10.993733
573,Blinking,2025-02-23 14:26:10.993733
574,Blinking,2025-02-23 14:26:10.993733
575,Blinking,2025-02-23 14:26:10.993733
576,Blinking,2025-02-23 14:26:10.993733
577,Blinking,2025-02-23 14:26:10.993733
578,Blinking,2025-02-23 14:26:10.993733
579,Blinking,2025-02-23 14:26:10.993733
580,Blinking,2025-02-23 14:26:10.993733
581,Blinking,2025-02-23 14:26:10.993733
582,Blinking,2025-02-23 14:26:10.993733
583,Blinking,2025-02-23 14:26:10.993733
584,Blinking,2025-02-23 14:26:10.993733
585,Blinking,2025-02-23 14:26:10.993733
586,Blinking,2025-02-23 14:26:10.993733
587,Blinking,2025-02-23 14:26:10.993733
588,Blinking,2025-02-23 14:26:10.993733
589,Blinking,2025-02-23 14:26:10.993733
590,Blinking,2025-02-23 14:26:10.993733
591,Blinking,2025-02-23 14:26:10.993733
592,Blinking,2025-02-23 14:26:10.993733
593,Blinking,2025-02-23 14:26:10.993733
594,Blinking,2025-02-23 14:26:10.993733
595,Blinking,2025-02-23 14:26:10.993733
596,Blinking,2025-02-23 14:26:10.993733
597,Blinking,2025-02-23 14:26:10.993733
598,Blinking,2025-02-23 14:26:10.993733
599,Blinking,2025-02-23 14:26:10.993733
600,Blinking,2025-02-23 14:26:10.993733
601,Blinking,2025-02-23 14:26:10.993733
602,Blinking,2025-02-23 14:26:10.993733
603,Blinking,2025-02-23 14:26:10.993733
604,Blinking,2025-02-23 14:26:10.993733
605,Blinking,2025-02-23 14:26:10.993733
606,Blinking,2025-02-23 14:26:10.993733
607,Blinking,2025-02-23 14:26:10.993733
608,Blinking,2025-02-23 14:26:10.993733
609,Blinking,2025-02-23 14:26:10.993733
610,Blinking,2025-02-23 14:26:10.993733
611,Blinking,2025-02-23 14:26:10.993733
612,Blinking,2025-02-23 14:26:10.993733
613,Blinking,2025-02-23 14:26:10.993733
614,Blinking,2025-02-23 14:26:10.993733
615,Blinking,2025-02-23 14:26:10.993733
616,Blinking,2025-02-23 14:26:10.993733
617,Blinking,2025-02-23 14:26:10.993733
618,Blinking,2025-02-23 14:26:10.993733
619,Blinking,2025-02-23 14:26:10.993733
620,Blinking,2025-02-23 14:26:10.993733
621,Blinking,2025-02-23 14:26:10.993733
622,CENTER,2025-02-23 14:26:10.993733
623,Blinking,2025-02-23 14:26:10.993733
624,Blinking,2025-02-23 14:26:10.993733
625,CENTER,2025-02-23 14:26:10.993733
626,Blinking,2025-02-23 14:26:10.993733
627,Blinking,2025-02-23 14:26:10.993733
628,Blinking,2025-02-23 14:26:10.993733
629,Blinking,2025-02-23 14:26:10.993733
630,Blinking,2025-02-23 14:26:10.993733
631,Blinking,2025-02-23 14:26:10.993733
632,Blinking,2025-02-23 14:26:10.993733
633,CENTER,2025-02-23 14:26:10.993733
634,Blinking,2025-02-23 14:26:10.993733
635,Blinking,2025-02-23 14:26:10.993733
636,Blinking,2025-02-23 14:26:10.993733
637,Blinking,2025-02-23 14:26:10.993733
638,Blinking,2025-02-23 14:26:10.993733
639,CENTER,2025-02-23 14:26:10.993733
640,Blinking,2025-02-23 14:26:10.993733
641,Blinking,2025-02-23 14:26:10.993733
642,CENTER,2025-02-23 14:26:10.993733
643,Blinking,2025-02-23 14:26:10.993733
644,Blinking,2025-02-23 14:26:10.993733
645,Blinking,2025-02-23 14:26:10.993733
646,Blinking,2025-02-23 14:26:10.993733
647,Blinking,2025-02-23 14:26:10.993733
648,CENTER,2025-02-23 14:26:10.993733
649,Blinking,2025-02-23 14:26:10.993733
650,CENTER,2025-02-23 14:26:10.993733
651,CENTER,2025-02-23 14:26:10.993733
652,CENTER,2025-02-23 14:26:10.993733
653,Blinking,2025-02-23 14:26:10.993733
654,CENTER,2025-02-23 14:26:10.993733
655,CENTER,2025-02-23 14:26:10.993733
656,CENTER,2025-02-23 14:26:10.993733
657,CENTER,2025-02-23 14:26:10.993733
658,CENTER,2025-02-23 14:26:10.993733
659,CENTER,2025-02-23 14:26:10.993733
660,CENTER,2025-02-23 14:26:10.993733
661,CENTER,2025-02-23 14:26:10.993733
662,CENTER,2025-02-23 14:26:10.993733
663,CENTER,2025-02-23 14:26:10.993733
664,Blinking,2025-02-23 14:26:10.993733
665,CENTER,2025-02-23 14:26:10.993733
666,CENTER,2025-02-23 14:26:10.993733
667,Blinking,2025-02-23 14:26:10.993733
668,Blinking,2025-02-23 14:26:10.993733
669,CENTER,2025-02-23 14:26:10.993733
670,Blinking,2025-02-23 14:26:10.993733
671,CENTER,2025-02-23 14:26:10.993733
672,CENTER,2025-02-23 14:26:10.993733
673,Blinking,2025-02-23 14:26:10.993733
674,CENTER,2025-02-23 14:26:10.993733
675,Blinking,2025-02-23 14:26:10.993733
676,CENTER,2025-02-23 14:26:10.993733
677,Blinking,2025-02-23 14:26:10.993733
678,Blinking,2025-02-23 14:26:10.993733
679,CENTER,2025-02-23 14:26:10.993733
680,Blinking,2025-02-23 14:26:10.993733
681,Blinking,2025-02-23 14:26:10.993733
682,CENTER,2025-02-23 14:26:10.993733
683,Blinking,2025-02-23 14:26:10.993733
684,CENTER,2025-02-23 14:26:10.993733
685,CENTER,2025-02-23 14:26:10.993733
686,CENTER,2025-02-23 14:26:10.993733
687,Blinking,2025-02-23 14:26:10.993733
688,CENTER,2025-02-23 14:26:10.993733
689,CENTER,2025-02-23 14:26:10.993733
690,Blinking,2025-02-23 14:26:10.993733
691,CENTER,2025-02-23 14:26:10.993733
692,CENTER,2025-02-23 14:26:10.993733
693,CENTER,2025-02-23 14:26:10.993733
694,CENTER,2025-02-23 14:26:10.993733
695,CENTER,2025-02-23 14:26:10.993733
696,CENTER,2025-02-23 14:26:10.993733
697,RIGHT,2025-02-23 14:26:10.993733
698,CENTER,2025-02-23 14:26:10.993733
699,CENTER,2025-02-23 14:26:10.993733
700,CENTER,2025-02-23 14:26:10.993733
701,CENTER,2025-02-23 14:26:10.993733
702,CENTER,2025-02-23 14:26:10.993733
703,RIGHT,2025-02-23 14:26:10.993733
704,RIGHT,2025-02-23 14:26:10.993733
705,RIGHT,2025-02-23 14:26:10.993733
706,CENTER,2025-02-23 14:26:10.993733
707,CENTER,2025-02-23 14:26:10.993733
708,Blinking,2025-02-23 14:26:10.993733
709,Blinking,2025-02-23 14:26:10.993733
710,Blinking,2025-02-23 14:26:10.993733
711,CENTER,2025-02-23 14:26:10.993733
712,CENTER,2025-02-23 14:26:10.993733
713,RIGHT,2025-02-23 14:26:10.993733
714,RIGHT,2025-02-23 14:26:10.993733
715,CENTER,2025-02-23 14:26:10.993733
716,RIGHT,2025-02-23 14:26:10.993733
717,RIGHT,2025-02-23 14:26:10.993733
718,RIGHT,2025-02-23 14:26:10.993733
719,RIGHT,2025-02-23 14:26:10.993733
720,RIGHT,2025-02-23 14:26:10.993733
721,RIGHT,2025-02-23 14:26:10.993733
722,RIGHT,2025-02-23 14:26:10.993733
723,RIGHT,2025-02-23 14:26:10.993733
724,RIGHT,2025-02-23 14:26:10.993733
725,RIGHT,2025-02-23 14:26:10.993733
726,RIGHT,2025-02-23 14:26:10.993733
727,RIGHT,2025-02-23 14:26:10.993733
728,RIGHT,2025-02-23 14:26:10.993733
729,RIGHT,2025-02-23 14:26:10.993733
730,RIGHT,2025-02-23 14:26:10.993733
731,RIGHT,2025-02-23 14:26:10.993733
732,RIGHT,2025-02-23 14:26:10.993733
733,CENTER,2025-02-23 14:26:10.993733
734,RIGHT,2025-02-23 14:26:10.993733
735,RIGHT,2025-02-23 14:26:10.993733
736,RIGHT,2025-02-23 14:26:10.993733
737,RIGHT,2025-02-23 14:26:10.993733
738,RIGHT,2025-02-23 14:26:10.993733
739,RIGHT,2025-02-23 14:26:10.993733
740,RIGHT,2025-02-23 14:26:10.993733
741,RIGHT,2025-02-23 14:26:10.993733
742,CENTER,2025-02-23 14:26:10.993733
743,CENTER,2025-02-23 14:26:10.993733
744,CENTER,2025-02-23 14:26:10.993733
745,CENTER,2025-02-23 14:26:10.993733
746,CENTER,2025-02-23 14:26:10.993733
747,CENTER,2025-02-23 14:26:10.993733
748,CENTER,2025-02-23 14:26:10.993733
749,CENTER,2025-02-23 14:26:10.993733
750,CENTER,2025-02-23 14:26:10.993733
751,RIGHT,2025-02-23 14:26:10.993733
752,RIGHT,2025-02-23 14:26:10.993733
753,CENTER,2025-02-23 14:26:10.993733
754,CENTER,2025-02-23 14:26:10.993733
755,RIGHT,2025-02-23 14:26:10.993733
756,CENTER,2025-02-23 14:26:10.993733
757,RIGHT,2025-02-23 14:26:10.993733
758,RIGHT,2025-02-23 14:26:10.993733
759,RIGHT,2025-02-23 14:26:10.993733
760,RIGHT,2025-02-23 14:26:10.993733
761,RIGHT,2025-02-23 14:26:10.993733
762,CENTER,2025-02-23 14:26:10.993733
763,RIGHT,2025-02-23 14:26:10.993733
764,RIGHT,2025-02-23 14:26:10.993733
765,CENTER,2025-02-23 14:26:10.993733
766,CENTER,2025-02-23 14:26:10.993733
767,CENTER,2025-02-23 14:26:10.993733
768,RIGHT,2025-02-23 14:26:10.993733
769,CENTER,2025-02-23 14:26:10.993733
770,CENTER,2025-02-23 14:26:10.993733
771,CENTER,2025-02-23 14:26:10.993733
772,CENTER,2025-02-23 14:26:10.993733
773,RIGHT,2025-02-23 14:26:10.993733
774,CENTER,2025-02-23 14:26:10.993733
775,Blinking,2025-02-23 14:26:10.993733
776,Blinking,2025-02-23 14:26:10.993733
777,Blinking,2025-02-23 14:26:10.993733
778,CENTER,2025-02-23 14:26:10.993733
779,CENTER,2025-02-23 14:26:10.993733
780,CENTER,2025-02-23 14:26:10.993733
781,CENTER,2025-02-23 14:26:10.993733
782,CENTER,2025-02-23 14:26:10.993733
783,CENTER,2025-02-23 14:26:10.993733
784,CENTER,2025-02-23 14:26:10.993733
785,CENTER,2025-02-23 14:26:10.993733
786,CENTER,2025-02-23 14:26:10.993733
787,CENTER,2025-02-23 14:26:10.993733
788,CENTER,2025-02-23 14:26:10.993733
789,CENTER,2025-02-23 14:26:10.993733
790,CENTER,2025-02-23 14:26:10.993733
791,CENTER,2025-02-23 14:26:10.993733
792,CENTER,2025-02-23 14:26:10.993733
793,CENTER,2025-02-23 14:26:10.993733
794,CENTER,2025-02-23 14:26:10.993733
795,CENTER,2025-02-23 14:26:10.993733
796,CENTER,2025-02-23 14:26:10.993733
797,CENTER,2025-02-23 14:26:10.993733
798,CENTER,2025-02-23 14:26:10.993733
799,CENTER,2025-02-23 14:26:10.993733
800,CENTER,2025-02-23 14:26:10.993733
801,CENTER,2025-02-23 14:26:10.993733
802,CENTER,2025-02-23 14:26:10.993733
803,CENTER,2025-02-23 14:26:10.993733
804,CENTER,2025-02-23 14:26:10.993733
805,CENTER,2025-02-23 14:26:10.993733
806,CENTER,2025-02-23 14:26:10.993733
807,CENTER,2025-02-23 14:26:10.993733
808,CENTER,2025-02-23 14:26:10.993733
809,CENTER,2025-02-23 14:26:10.993733
810,CENTER,2025-02-23 14:26:10.993733
811,CENTER,2025-02-23 14:26:10.993733
812,CENTER,2025-02-23 14:26:10.993733
813,CENTER,2025-02-23 14:26:10.993733
814,CENTER,2025-02-23 14:26:10.993733
815,CENTER,2025-02-23 14:26:10.993733
816,CENTER,2025-02-23 14:26:10.993733
817,CENTER,2025-02-23 14:26:10.993733
818,CENTER,2025-02-23 14:26:10.993733
819,CENTER,2025-02-23 14:26:10.993733
820,CENTER,2025-02-23 14:26:10.993733
821,CENTER,2025-02-23 14:26:10.993733
822,CENTER,2025-02-23 14:26:10.993733
823,CENTER,2025-02-23 14:26:10.993733
824,CENTER,2025-02-23 14:26:10.993733
825,CENTER,2025-02-23 14:26:10.993733
826,CENTER,2025-02-23 14:26:10.993733
827,CENTER,2025-02-23 14:26:10.993733
828,CENTER,2025-02-23 14:26:10.993733
829,CENTER,2025-02-23 14:26:10.993733
830,CENTER,2025-02-23 14:26:10.993733
831,CENTER,2025-02-23 14:26:10.993733
832,CENTER,2025-02-23 14:26:10.993733
833,CENTER,2025-02-23 14:26:10.993733
834,CENTER,2025-02-23 14:26:10.993733
835,CENTER,2025-02-23 14:26:10.993733
836,CENTER,2025-02-23 14:26:10.993733
837,CENTER,2025-02-23 14:26:10.993733
838,Blinking,2025-02-23 14:26:10.993733
839,CENTER,2025-02-23 14:26:10.993733
840,CENTER,2025-02-23 14:26:10.993733
841,CENTER,2025-02-23 14:26:10.993733
842,CENTER,2025-02-23 14:26:10.993733
843,CENTER,2025-02-23 14:26:10.993733
844,CENTER,2025-02-23 14:26:10.993733
845,CENTER,2025-02-23 14:26:10.993733
846,CENTER,2025-02-23 14:26:10.993733
847,CENTER,2025-02-23 14:26:10.993733
848,CENTER,2025-02-23 14:26:10.993733
849,CENTER,2025-02-23 14:26:10.993733
850,CENTER,2025-02-23 14:26:10.993733
851,CENTER,2025-02-23 14:26:10.993733
852,CENTER,2025-02-23 14:26:10.993733
853,CENTER,2025-02-23 14:26:10.993733
854,CENTER,2025-02-23 14:26:10.993733
855,CENTER,2025-02-23 14:26:10.993733
856,CENTER,2025-02-23 14:26:10.993733
857,CENTER,2025-02-23 14:26:10.993733
858,CENTER,2025-02-23 14:26:10.993733
859,CENTER,2025-02-23 14:26:10.993733
860,CENTER,2025-02-23 14:26:10.993733
861,CENTER,2025-02-23 14:26:10.993733
862,Blinking,2025-02-23 14:26:10.993733
863,CENTER,2025-02-23 14:26:10.993733
864,CENTER,2025-02-23 14:26:10.993733
865,RIGHT,2025-02-23 14:26:10.993733
866,CENTER,2025-02-23 14:26:10.993733
867,CENTER,2025-02-23 14:26:10.993733
868,RIGHT,2025-02-23 14:26:10.993733
869,CENTER,2025-02-23 14:26:10.993733
870,RIGHT,2025-02-23 14:26:10.993733
871,RIGHT,2025-02-23 14:26:10.993733
872,RIGHT,2025-02-23 14:26:10.993733
873,CENTER,2025-02-23 14:26:10.993733
874,CENTER,2025-02-23 14:26:10.993733
875,CENTER,2025-02-23 14:26:10.993733
876,RIGHT,2025-02-23 14:26:10.993733
877,RIGHT,2025-02-23 14:26:10.993733
878,RIGHT,2025-02-23 14:26:10.993733
879,CENTER,2025-02-23 14:26:10.993733
880,RIGHT,2025-02-23 14:26:10.993733
881,CENTER,2025-02-23 14:26:10.993733
882,CENTER,2025-02-23 14:26:10.993733
883,RIGHT,2025-02-23 14:26:10.993733
884,RIGHT,2025-02-23 14:26:10.993733
885,RIGHT,2025-02-23 14:26:10.993733
886,RIGHT,2025-02-23 14:26:10.993733
887,RIGHT,2025-02-23 14:26:10.993733
888,CENTER,2025-02-23 14:26:10.993733
889,RIGHT,2025-02-23 14:26:10.993733
890,CENTER,2025-02-23 14:26:10.993733
891,CENTER,2025-02-23 14:26:10.993733
892,CENTER,2025-02-23 14:26:10.993733
893,Blinking,2025-02-23 14:26:10.993733
894,Blinking,2025-02-23 14:26:10.993733
895,Blinking,2025-02-23 14:26:10.993733
896,CENTER,2025-02-23 14:26:10.993733
897,CENTER,2025-02-23 14:26:10.993733
898,CENTER,2025-02-23 14:26:10.993733
899,CENTER,2025-02-23 14:26:10.993733
900,CENTER,2025-02-23 14:26:10.993733
901,CENTER,2025-02-23 14:26:10.993733
902,CENTER,2025-02-23 14:26:10.993733
903,CENTER,2025-02-23 14:26:10.993733
904,CENTER,2025-02-23 14:26:10.993733
905,CENTER,2025-02-23 14:26:10.993733
906,CENTER,2025-02-23 14:26:10.993733
907,CENTER,2025-02-23 14:26:10.993733
908,CENTER,2025-02-23 14:26:10.993733
909,CENTER,2025-02-23 14:26:10.993733
910,CENTER,2025-02-23 14:26:10.993733
911,CENTER,2025-02-23 14:26:10.993733
912,CENTER,2025-02-23 14:26:10.993733
913,CENTER,2025-02-23 14:26:10.993733
914,CENTER,2025-02-23 14:26:10.993733
915,CENTER,2025-02-23 14:26:10.993733
916,CENTER,2025-02-23 14:26:10.993733
917,CENTER,2025-02-23 14:26:10.993733
918,CENTER,2025-02-23 14:26:10.993733
919,CENTER,2025-02-23 14:26:10.993733
920,CENTER,2025-02-23 14:26:10.993733
921,CENTER,2025-02-23 14:26:10.993733
922,CENTER,2025-02-23 14:26:10.993733
923,CENTER,2025-02-23 14:26:10.993733
924,CENTER,2025-02-23 14:26:10.993733
925,CENTER,2025-02-23 14:26:10.993733
926,CENTER,2025-02-23 14:26:10.993733
927,CENTER,2025-02-23 14:26:10.993733
928,CENTER,2025-02-23 14:26:10.993733
929,CENTER,2025-02-23 14:26:10.993733
930,CENTER,2025-02-23 14:26:10.993733
931,CENTER,2025-02-23 14:26:10.993733
932,CENTER,2025-02-23 14:26:10.993733
933,CENTER,2025-02-23 14:26:10.993733
934,CENTER,2025-02-23 14:26:10.993733
935,CENTER,2025-02-23 14:26:10.993733
936,CENTER,2025-02-23 14:26:10.993733
937,CENTER,2025-02-23 14:26:10.993733
938,CENTER,2025-02-23 14:26:10.993733
939,CENTER,2025-02-23 14:26:10.993733
940,CENTER,2025-02-23 14:26:10.993733
941,CENTER,2025-02-23 14:26:10.993733
942,CENTER,2025-02-23 14:26:10.993733
943,CENTER,2025-02-23 14:26:10.993733
944,CENTER,2025-02-23 14:26:10.993733
945,CENTER,2025-02-23 14:26:10.993733
946,CENTER,2025-02-23 14:26:10.993733
947,LEFT,2025-02-23 14:26:10.993733
948,CENTER,2025-02-23 14:26:10.993733
949,CENTER,2025-02-23 14:26:10.993733
950,LEFT,2025-02-23 14:26:10.993733
951,CENTER,2025-02-23 14:26:10.993733
952,CENTER,2025-02-23 14:26:10.993733
953,CENTER,2025-02-23 14:26:10.993733
954,CENTER,2025-02-23 14:26:10.993733
955,CENTER,2025-02-23 14:26:10.993733
956,CENTER,2025-02-23 14:26:10.993733
957,LEFT,2025-02-23 14:26:10.993733
958,LEFT,2025-02-23 14:26:10.993733
959,CENTER,2025-02-23 14:26:10.993733
960,CENTER,2025-02-23 14:26:10.993733
961,CENTER,2025-02-23 14:26:10.993733
962,CENTER,2025-02-23 14:26:10.993733
963,LEFT,2025-02-23 14:26:10.993733
964,CENTER,2025-02-23 14:26:10.993733
965,CENTER,2025-02-23 14:26:10.993733
966,CENTER,2025-02-23 14:26:10.993733
967,LEFT,2025-02-23 14:26:10.993733
968,CENTER,2025-02-23 14:26:10.993733
969,RIGHT,2025-02-23 14:26:10.993733
970,RIGHT,2025-02-23 14:26:10.993733
971,RIGHT,2025-02-23 14:26:10.993733
972,RIGHT,2025-02-23 14:26:10.993733
973,CENTER,2025-02-23 14:26:10.993733
974,CENTER,2025-02-23 14:26:10.993733
975,RIGHT,2025-02-23 14:26:10.993733
976,CENTER,2025-02-23 14:26:10.993733
977,RIGHT,2025-02-23 14:26:10.993733
978,RIGHT,2025-02-23 14:26:10.993733
979,RIGHT,2025-02-23 14:26:10.993733
980,RIGHT,2025-02-23 14:26:10.993733
981,RIGHT,2025-02-23 14:26:10.993733
982,RIGHT,2025-02-23 14:26:10.993733
983,RIGHT,2025-02-23 14:26:10.993733
984,RIGHT,2025-02-23 14:26:10.993733
985,RIGHT,2025-02-23 14:26:10.993733
986,CENTER,2025-02-23 14:26:10.993733
987,RIGHT,2025-02-23 14:26:10.993733
988,RIGHT,2025-02-23 14:26:10.993733
989,CENTER,2025-02-23 14:26:10.993733
990,RIGHT,2025-02-23 14:26:10.993733
991,CENTER,2025-02-23 14:26:10.993733
992,CENTER,2025-02-23 14:26:10.993733
993,CENTER,2025-02-23 14:26:10.993733
994,LEFT,2025-02-23 14:26:10.993733
995,CENTER,2025-02-23 14:26:10.993733
996,LEFT,2025-02-23 14:26:10.993733
997,LEFT,2025-02-23 14:26:10.993733
998,CENTER,2025-02-23 14:26:10.993733
999,CENTER,2025-02-23 14:26:10.993733
1000,LEFT,2025-02-23 14:26:10.993733
1001,CENTER,2025-02-23 14:26:10.993733
1002,CENTER,2025-02-23 14:26:10.993733
1003,CENTER,2025-02-23 14:26:10.993733
1004,LEFT,2025-02-23 14:26:10.993733
1005,CENTER,2025-02-23 14:26:10.993733
1006,LEFT,2025-02-23 14:26:10.993733
1007,LEFT,2025-02-23 14:26:10.993733
1008,CENTER,2025-02-23 14:26:10.993733
1009,CENTER,2025-02-23 14:26:10.993733
1010,LEFT,2025-02-23 14:26:10.993733
1011,CENTER,2025-02-23 14:26:10.993733
1012,CENTER,2025-02-23 14:26:10.993733
1013,CENTER,2025-02-23 14:26:10.993733
1014,CENTER,2025-02-23 14:26:10.993733
1015,CENTER,2025-02-23 14:26:10.993733
1016,CENTER,2025-02-23 14:26:10.993733
1017,CENTER,2025-02-23 14:26:10.993733
1018,CENTER,2025-02-23 14:26:10.993733
1019,CENTER,2025-02-23 14:26:10.993733
1020,CENTER,2025-02-23 14:26:10.993733
1021,CENTER,2025-02-23 14:26:10.993733
1022,CENTER,2025-02-23 14:26:10.993733
1023,CENTER,2025-02-23 14:26:10.993733
1024,CENTER,2025-02-23 14:26:10.993733
1025,CENTER,2025-02-23 14:26:10.993733
1026,CENTER,2025-02-23 14:26:10.993733
1027,CENTER,2025-02-23 14:26:10.993733
1028,LEFT,2025-02-23 14:26:10.993733
1029,LEFT,2025-02-23 14:26:10.993733
1030,CENTER,2025-02-23 14:26:10.993733
1031,CENTER,2025-02-23 14:26:10.993733
1032,CENTER,2025-02-23 14:26:10.993733
1033,LEFT,2025-02-23 14:26:10.993733
1034,CENTER,2025-02-23 14:26:10.993733
1035,CENTER,2025-02-23 14:26:10.993733
1036,CENTER,2025-02-23 14:26:10.993733
1037,CENTER,2025-02-23 14:26:10.993733
1038,CENTER,2025-02-23 14:26:10.993733
1039,CENTER,2025-02-23 14:26:10.993733
1040,LEFT,2025-02-23 14:26:10.993733
1041,CENTER,2025-02-23 14:26:10.993733
1042,CENTER,2025-02-23 14:26:10.993733
1043,CENTER,2025-02-23 14:26:10.993733
1044,LEFT,2025-02-23 14:26:10.993733
1045,CENTER,2025-02-23 14:26:10.993733
1046,CENTER,2025-02-23 14:26:10.993733
1047,CENTER,2025-02-23 14:26:10.993733
1048,CENTER,2025-02-23 14:26:10.993733
1049,CENTER,2025-02-23 14:26:10.993733
1050,CENTER,2025-02-23 14:26:10.993733
1051,CENTER,2025-02-23 14:26:10.993733
1052,CENTER,2025-02-23 14:26:10.993733
1053,CENTER,2025-02-23 14:26:10.993733
1054,LEFT,2025-02-23 14:26:10.993733
1055,CENTER,2025-02-23 14:26:10.993733
1056,CENTER,2025-02-23 14:26:10.993733
1057,CENTER,2025-02-23 14:26:10.993733
1058,CENTER,2025-02-23 14:26:10.993733
1059,CENTER,2025-02-23 14:26:10.993733
1060,CENTER,2025-02-23 14:26:10.993733
1061,CENTER,2025-02-23 14:26:10.993733
1062,CENTER,2025-02-23 14:26:10.993733
1063,CENTER,2025-02-23 14:26:10.993733
1064,RIGHT,2025-02-23 14:26:10.993733
1065,CENTER,2025-02-23 14:26:10.993733
1066,CENTER,2025-02-23 14:26:10.993733
1067,RIGHT,2025-02-23 14:26:10.993733
1068,RIGHT,2025-02-23 14:26:10.993733
1069,RIGHT,2025-02-23 14:26:10.993733
1070,RIGHT,2025-02-23 14:26:10.993733
1071,RIGHT,2025-02-23 14:26:10.993733
1072,RIGHT,2025-02-23 14:26:10.993733
1073,RIGHT,2025-02-23 14:26:10.993733
1074,RIGHT,2025-02-23 14:26:10.993733
1075,CENTER,2025-02-23 14:26:10.993733
1076,RIGHT,2025-02-23 14:26:10.993733
1077,RIGHT,2025-02-23 14:26:10.993733
1078,RIGHT,2025-02-23 14:26:10.993733
1079,RIGHT,2025-02-23 14:26:10.993733
1080,CENTER,2025-02-23 14:26:10.993733
1081,CENTER,2025-02-23 14:26:10.993733
1082,RIGHT,2025-02-23 14:26:10.993733
1083,RIGHT,2025-02-23 14:26:10.993733
1084,CENTER,2025-02-23 14:26:10.993733
1085,CENTER,2025-02-23 14:26:10.993733
1086,CENTER,2025-02-23 14:26:10.993733
1087,Blinking,2025-02-23 14:26:10.993733
1088,Blinking,2025-02-23 14:26:10.993733
1089,CENTER,2025-02-23 14:26:10.993733
1090,CENTER,2025-02-23 14:26:10.993733
1091,CENTER,2025-02-23 14:26:10.993733
1092,CENTER,2025-02-23 14:26:10.993733
1093,CENTER,2025-02-23 14:26:10.993733
1094,CENTER,2025-02-23 14:26:10.993733
1095,CENTER,2025-02-23 14:26:10.993733
1096,CENTER,2025-02-23 14:26:10.993733
1097,CENTER,2025-02-23 14:26:10.993733
1098,CENTER,2025-02-23 14:26:10.993733
1099,CENTER,2025-02-23 14:26:10.993733
1100,CENTER,2025-02-23 14:26:10.993733
1101,CENTER,2025-02-23 14:26:10.993733
1102,CENTER,2025-02-23 14:26:10.993733
1103,Blinking,2025-02-23 14:26:10.993733
1104,Blinking,2025-02-23 14:26:10.993733
1105,CENTER,2025-02-23 14:26:10.993733
1106,CENTER,2025-02-23 14:26:10.993733
1107,CENTER,2025-02-23 14:26:10.993733
1108,CENTER,2025-02-23 14:26:10.993733
1109,CENTER,2025-02-23 14:26:10.993733
1110,CENTER,2025-02-23 14:26:10.993733
1111,CENTER,2025-02-23 14:26:10.993733
1112,CENTER,2025-02-23 14:26:10.993733
1113,CENTER,2025-02-23 14:26:10.993733
1114,CENTER,2025-02-23 14:26:10.993733
1115,CENTER,2025-02-23 14:26:10.993733
1116,CENTER,2025-02-23 14:26:10.993733
1117,CENTER,2025-02-23 14:26:10.993733
1118,Blinking,2025-02-23 14:26:10.993733
1119,CENTER,2025-02-23 14:26:10.993733
1120,CENTER,2025-02-23 14:26:10.993733
1121,CENTER,2025-02-23 14:26:10.993733
1122,CENTER,2025-02-23 14:26:10.993733
1123,CENTER,2025-02-23 14:26:10.993733
1124,CENTER,2025-02-23 14:26:10.993733
1125,CENTER,2025-02-23 14:26:10.993733
1126,CENTER,2025-02-23 14:26:10.993733
1127,Blinking,2025-02-23 14:26:10.993733
1128,Blinking,2025-02-23 14:26:10.993733
1129,Blinking,2025-02-23 14:26:10.993733
1130,Blinking,2025-02-23 14:26:10.993733
1131,Blinking,2025-02-23 14:26:10.993733
1132,CENTER,2025-02-23 14:26:10.993733
1133,CENTER,2025-02-23 14:26:10.993733
1134,CENTER,2025-02-23 14:26:10.993733
1135,CENTER,2025-02-23 14:26:10.993733
1136,CENTER,2025-02-23 14:26:10.993733
1137,CENTER,2025-02-23 14:26:10.993733
1138,CENTER,2025-02-23 14:26:10.993733
1139,CENTER,2025-02-23 14:26:10.993733
1140,Blinking,2025-02-23 14:26:10.993733
1141,Blinking,2025-02-23 14:26:10.993733
1142,CENTER,2025-02-23 14:26:10.993733
1143,CENTER,2025-02-23 14:26:10.993733
1144,CENTER,2025-02-23 14:26:10.993733
1145,CENTER,2025-02-23 14:26:10.993733
1146,CENTER,2025-02-23 14:26:10.993733
1147,CENTER,2025-02-23 14:26:10.993733
1148,CENTER,2025-02-23 14:26:10.993733
1149,CENTER,2025-02-23 14:26:10.993733
1150,CENTER,2025-02-23 14:26:10.993733
1151,CENTER,2025-02-23 14:26:10.993733
1152,CENTER,2025-02-23 14:26:10.993733
1153,Blinking,2025-02-23 14:26:10.993733
1154,Blinking,2025-02-23 14:26:10.993733
1155,CENTER,2025-02-23 14:26:10.993733
1156,CENTER,2025-02-23 14:26:10.993733
1157,CENTER,2025-02-23 14:26:10.993733
1158,CENTER,2025-02-23 14:26:10.993733
1159,CENTER,2025-02-23 14:26:10.993733
1160,CENTER,2025-02-23 14:26:10.993733
1161,CENTER,2025-02-23 14:26:10.993733
1162,CENTER,2025-02-23 14:26:10.993733
1163,CENTER,2025-02-23 14:26:10.993733
1164,CENTER,2025-02-23 14:26:10.993733
1165,CENTER,2025-02-23 14:26:10.993733
1166,CENTER,2025-02-23 14:26:10.993733
1167,CENTER,2025-02-23 14:26:10.993733
1168,CENTER,2025-02-23 14:26:10.993733
1169,CENTER,2025-02-23 14:26:10.993733
1170,Blinking,2025-02-23 14:26:10.993733
1171,Blinking,2025-02-23 14:26:10.993733
1172,Blinking,2025-02-23 14:26:10.993733
1173,Blinking,2025-02-23 14:26:10.993733
1174,CENTER,2025-02-23 14:26:10.993733
1175,CENTER,2025-02-23 14:26:10.993733
1176,CENTER,2025-02-23 14:26:10.993733
1177,CENTER,2025-02-23 14:26:10.993733
1178,CENTER,2025-02-23 14:26:10.993733
1179,CENTER,2025-02-23 14:26:10.993733
1180,CENTER,2025-02-23 14:26:10.993733
1181,CENTER,2025-02-23 14:26:10.993733
1182,CENTER,2025-02-23 14:26:10.993733
1183,CENTER,2025-02-23 14:26:10.993733
1184,Blinking,2025-02-23 14:26:10.993733
1185,Blinking,2025-02-23 14:26:10.993733
1186,Blinking,2025-02-23 14:26:10.993733
1187,CENTER,2025-02-23 14:26:10.993733
1188,CENTER,2025-02-23 14:26:10.993733
1189,CENTER,2025-02-23 14:26:10.993733
1190,CENTER,2025-02-23 14:26:10.993733
1191,CENTER,2025-02-23 14:26:10.993733
1192,CENTER,2025-02-23 14:26:10.993733
1193,CENTER,2025-02-23 14:26:10.993733
1194,CENTER,2025-02-23 14:26:10.993733
1195,CENTER,2025-02-23 14:26:10.993733
1196,CENTER,2025-02-23 14:26:10.993733
1197,CENTER,2025-02-23 14:26:10.993733
1198,CENTER,2025-02-23 14:26:10.993733
1199,CENTER,2025-02-23 14:26:10.993733
1200,Blinking,2025-02-23 14:26:10.993733
1201,Blinking,2025-02-23 14:26:10.993733
1202,CENTER,2025-02-23 14:26:10.993733
1203,CENTER,2025-02-23 14:26:10.993733
1204,CENTER,2025-02-23 14:26:10.993733
1205,CENTER,2025-02-23 14:26:10.993733
1206,CENTER,2025-02-23 14:26:10.993733
1207,CENTER,2025-02-23 14:26:10.993733
1208,CENTER,2025-02-23 14:26:10.993733
1209,CENTER,2025-02-23 14:26:10.993733
1210,CENTER,2025-02-23 14:26:10.993733
1211,CENTER,2025-02-23 14:26:10.993733
1212,CENTER,2025-02-23 14:26:10.993733
1213,CENTER,2025-02-23 14:26:10.993733
1214,CENTER,2025-02-23 14:26:10.993733
1215,CENTER,2025-02-23 14:26:10.993733
1216,CENTER,2025-02-23 14:26:10.993733
1217,CENTER,2025-02-23 14:26:10.993733
1218,CENTER,2025-02-23 14:26:10.993733
1219,CENTER,2025-02-23 14:26:10.993733
1220,CENTER,2025-02-23 14:26:10.993733
1221,CENTER,2025-02-23 14:26:10.993733
1222,CENTER,2025-02-23 14:26:10.993733
1223,Blinking,2025-02-23 14:26:10.993733
1224,CENTER,2025-02-23 14:26:10.993733
1225,CENTER,2025-02-23 14:26:10.993733
1226,Blinking,2025-02-23 14:26:10.993733
1227,CENTER,2025-02-23 14:26:10.993733
1228,CENTER,2025-02-23 14:26:10.993733
1229,CENTER,2025-02-23 14:26:10.993733
1230,CENTER,2025-02-23 14:26:10.993733
1231,CENTER,2025-02-23 14:26:10.993733
1232,CENTER,2025-02-23 14:26:10.993733
1233,CENTER,2025-02-23 14:26:10.993733
1234,CENTER,2025-02-23 14:26:10.993733
1235,CENTER,2025-02-23 14:26:10.993733
1236,CENTER,2025-02-23 14:26:10.993733
1237,CENTER,2025-02-23 14:26:10.993733
1238,CENTER,2025-02-23 14:26:10.993733
1239,CENTER,2025-02-23 14:26:10.993733
1240,CENTER,2025-02-23 14:26:10.993733
1241,CENTER,2025-02-23 14:26:10.993733
1242,CENTER,2025-02-23 14:26:10.993733
1243,CENTER,2025-02-23 14:26:10.993733
1244,CENTER,2025-02-23 14:26:10.993733
1245,CENTER,2025-02-23 14:26:10.993733
1246,CENTER,2025-02-23 14:26:10.993733
1247,CENTER,2025-02-23 14:26:10.993733
1248,CENTER,2025-02-23 14:26:10.993733
